0.278827118208436,0.2900970586850087,0.2827414467948685,0.29977483357337686,0.30228167280485374,0.2934515341251822,0.31080338566168997,0.2985716418099169,0.26787729316559916,0.17231435831087652,0.07007910251606578,0.10445572182531324,0.07633610207432279,1
0.2900970586850087,0.2827414467948685,0.29977483357337686,0.30228167280485374,0.2934515341251822,0.31080338566168997,0.2985716418099169,0.26787729316559916,0.17231435831087652,0.07007910251606578,0.10445572182531324,0.07633610207432279,0.10076164616679772,1
0.2827414467948685,0.29977483357337686,0.30228167280485374,0.2934515341251822,0.31080338566168997,0.2985716418099169,0.26787729316559916,0.17231435831087652,0.07007910251606578,0.10445572182531324,0.07633610207432279,0.10076164616679772,0.15675185104287817,0
0.29977483357337686,0.30228167280485374,0.2934515341251822,0.31080338566168997,0.2985716418099169,0.26787729316559916,0.17231435831087652,0.07007910251606578,0.10445572182531324,0.07633610207432279,0.10076164616679772,0.15675185104287817,0.16646211150888016,0
0.30228167280485374,0.2934515341251822,0.31080338566168997,0.2985716418099169,0.26787729316559916,0.17231435831087652,0.07007910251606578,0.10445572182531324,0.07633610207432279,0.10076164616679772,0.15675185104287817,0.16646211150888016,0.18847263417257828,0
0.2934515341251822,0.31080338566168997,0.2985716418099169,0.26787729316559916,0.17231435831087652,0.07007910251606578,0.10445572182531324,0.07633610207432279,0.10076164616679772,0.15675185104287817,0.16646211150888016,0.18847263417257828,0.21229106712328696,0
0.31080338566168997,0.2985716418099169,0.26787729316559916,0.17231435831087652,0.07007910251606578,0.10445572182531324,0.07633610207432279,0.10076164616679772,0.15675185104287817,0.16646211150888016,0.18847263417257828,0.21229106712328696,0.23235215415594646,0
0.2985716418099169,0.26787729316559916,0.17231435831087652,0.07007910251606578,0.10445572182531324,0.07633610207432279,0.10076164616679772,0.15675185104287817,0.16646211150888016,0.18847263417257828,0.21229106712328696,0.23235215415594646,0.24531671638596458,0
0.26787729316559916,0.17231435831087652,0.07007910251606578,0.10445572182531324,0.07633610207432279,0.10076164616679772,0.15675185104287817,0.16646211150888016,0.18847263417257828,0.21229106712328696,0.23235215415594646,0.24531671638596458,0.24037660993995963,0
0.17231435831087652,0.07007910251606578,0.10445572182531324,0.07633610207432279,0.10076164616679772,0.15675185104287817,0.16646211150888016,0.18847263417257828,0.21229106712328696,0.23235215415594646,0.24531671638596458,0.24037660993995963,0.24476103370734575,0
0.07007910251606578,0.10445572182531324,0.07633610207432279,0.10076164616679772,0.15675185104287817,0.16646211150888016,0.18847263417257828,0.21229106712328696,0.23235215415594646,0.24531671638596458,0.24037660993995963,0.24476103370734575,0.26024032899640137,1
0.10445572182531324,0.07633610207432279,0.10076164616679772,0.15675185104287817,0.16646211150888016,0.18847263417257828,0.21229106712328696,0.23235215415594646,0.24531671638596458,0.24037660993995963,0.24476103370734575,0.26024032899640137,0.2555820235954378,1
0.07633610207432279,0.10076164616679772,0.15675185104287817,0.16646211150888016,0.18847263417257828,0.21229106712328696,0.23235215415594646,0.24531671638596458,0.24037660993995963,0.24476103370734575,0.26024032899640137,0.2555820235954378,0.25292117850236157,1
0.10076164616679772,0.15675185104287817,0.16646211150888016,0.18847263417257828,0.21229106712328696,0.23235215415594646,0.24531671638596458,0.24037660993995963,0.24476103370734575,0.26024032899640137,0.2555820235954378,0.25292117850236157,0.2523817972248459,1
0.15675185104287817,0.16646211150888016,0.18847263417257828,0.21229106712328696,0.23235215415594646,0.24531671638596458,0.24037660993995963,0.24476103370734575,0.26024032899640137,0.2555820235954378,0.25292117850236157,0.2523817972248459,0.2526471444789054,1
0.16646211150888016,0.18847263417257828,0.21229106712328696,0.23235215415594646,0.24531671638596458,0.24037660993995963,0.24476103370734575,0.26024032899640137,0.2555820235954378,0.25292117850236157,0.2523817972248459,0.2526471444789054,0.25230541779265786,1
0.18847263417257828,0.21229106712328696,0.23235215415594646,0.24531671638596458,0.24037660993995963,0.24476103370734575,0.26024032899640137,0.2555820235954378,0.25292117850236157,0.2523817972248459,0.2526471444789054,0.25230541779265786,0.2786190994243213,1
0.21229106712328696,0.23235215415594646,0.24531671638596458,0.24037660993995963,0.24476103370734575,0.26024032899640137,0.2555820235954378,0.25292117850236157,0.2523817972248459,0.2526471444789054,0.25230541779265786,0.2786190994243213,0.24998362459365017,1
0.23235215415594646,0.24531671638596458,0.24037660993995963,0.24476103370734575,0.26024032899640137,0.2555820235954378,0.25292117850236157,0.2523817972248459,0.2526471444789054,0.25230541779265786,0.2786190994243213,0.24998362459365017,0.27057475782456797,1
0.24531671638596458,0.24037660993995963,0.24476103370734575,0.26024032899640137,0.2555820235954378,0.25292117850236157,0.2523817972248459,0.2526471444789054,0.25230541779265786,0.2786190994243213,0.24998362459365017,0.27057475782456797,0.287212528455569,1
0.24037660993995963,0.24476103370734575,0.26024032899640137,0.2555820235954378,0.25292117850236157,0.2523817972248459,0.2526471444789054,0.25230541779265786,0.2786190994243213,0.24998362459365017,0.27057475782456797,0.287212528455569,0.2963140301522158,1
0.24476103370734575,0.26024032899640137,0.2555820235954378,0.25292117850236157,0.2523817972248459,0.2526471444789054,0.25230541779265786,0.2786190994243213,0.24998362459365017,0.27057475782456797,0.287212528455569,0.2963140301522158,0.2801326719094671,1
0.26024032899640137,0.2555820235954378,0.25292117850236157,0.2523817972248459,0.2526471444789054,0.25230541779265786,0.2786190994243213,0.24998362459365017,0.27057475782456797,0.287212528455569,0.2963140301522158,0.2801326719094671,0.28265648360690787,1
0.2555820235954378,0.25292117850236157,0.2523817972248459,0.2526471444789054,0.25230541779265786,0.2786190994243213,0.24998362459365017,0.27057475782456797,0.287212528455569,0.2963140301522158,0.2801326719094671,0.28265648360690787,0.28871625516099786,1
0.25292117850236157,0.2523817972248459,0.2526471444789054,0.25230541779265786,0.2786190994243213,0.24998362459365017,0.27057475782456797,0.287212528455569,0.2963140301522158,0.2801326719094671,0.28265648360690787,0.28871625516099786,0.29919937256291423,1
0.2523817972248459,0.2526471444789054,0.25230541779265786,0.2786190994243213,0.24998362459365017,0.27057475782456797,0.287212528455569,0.2963140301522158,0.2801326719094671,0.28265648360690787,0.28871625516099786,0.29919937256291423,0.30626188622129846,1
0.2526471444789054,0.25230541779265786,0.2786190994243213,0.24998362459365017,0.27057475782456797,0.287212528455569,0.2963140301522158,0.2801326719094671,0.28265648360690787,0.28871625516099786,0.29919937256291423,0.30626188622129846,0.297275449181375,1
0.25230541779265786,0.2786190994243213,0.24998362459365017,0.27057475782456797,0.287212528455569,0.2963140301522158,0.2801326719094671,0.28265648360690787,0.28871625516099786,0.29919937256291423,0.30626188622129846,0.297275449181375,0.3215677289602761,1
0.2786190994243213,0.24998362459365017,0.27057475782456797,0.287212528455569,0.2963140301522158,0.2801326719094671,0.28265648360690787,0.28871625516099786,0.29919937256291423,0.30626188622129846,0.297275449181375,0.3215677289602761,0.29430873384574563,1
0.24998362459365017,0.27057475782456797,0.287212528455569,0.2963140301522158,0.2801326719094671,0.28265648360690787,0.28871625516099786,0.29919937256291423,0.30626188622129846,0.297275449181375,0.3215677289602761,0.29430873384574563,0.31848464697639833,1
0.27057475782456797,0.287212528455569,0.2963140301522158,0.2801326719094671,0.28265648360690787,0.28871625516099786,0.29919937256291423,0.30626188622129846,0.297275449181375,0.3215677289602761,0.29430873384574563,0.31848464697639833,0.30034929914266295,1
0.287212528455569,0.2963140301522158,0.2801326719094671,0.28265648360690787,0.28871625516099786,0.29919937256291423,0.30626188622129846,0.297275449181375,0.3215677289602761,0.29430873384574563,0.31848464697639833,0.30034929914266295,0.30630272194912767,1
0.2963140301522158,0.2801326719094671,0.28265648360690787,0.28871625516099786,0.29919937256291423,0.30626188622129846,0.297275449181375,0.3215677289602761,0.29430873384574563,0.31848464697639833,0.30034929914266295,0.30630272194912767,0.28752141906320083,1
0.2801326719094671,0.28265648360690787,0.28871625516099786,0.29919937256291423,0.30626188622129846,0.297275449181375,0.3215677289602761,0.29430873384574563,0.31848464697639833,0.30034929914266295,0.30630272194912767,0.28752141906320083,0.3063984081692356,1
0.28265648360690787,0.28871625516099786,0.29919937256291423,0.30626188622129846,0.297275449181375,0.3215677289602761,0.29430873384574563,0.31848464697639833,0.30034929914266295,0.30630272194912767,0.28752141906320083,0.3063984081692356,0.29093772997162826,1
0.28871625516099786,0.29919937256291423,0.30626188622129846,0.297275449181375,0.3215677289602761,0.29430873384574563,0.31848464697639833,0.30034929914266295,0.30630272194912767,0.28752141906320083,0.3063984081692356,0.29093772997162826,0.3001383272584053,1
0.29919937256291423,0.30626188622129846,0.297275449181375,0.3215677289602761,0.29430873384574563,0.31848464697639833,0.30034929914266295,0.30630272194912767,0.28752141906320083,0.3063984081692356,0.29093772997162826,0.3001383272584053,0.28298135706556415,1
0.30626188622129846,0.297275449181375,0.3215677289602761,0.29430873384574563,0.31848464697639833,0.30034929914266295,0.30630272194912767,0.28752141906320083,0.3063984081692356,0.29093772997162826,0.3001383272584053,0.28298135706556415,0.27821939613013613,1
0.297275449181375,0.3215677289602761,0.29430873384574563,0.31848464697639833,0.30034929914266295,0.30630272194912767,0.28752141906320083,0.3063984081692356,0.29093772997162826,0.3001383272584053,0.28298135706556415,0.27821939613013613,0.2888679390254719,1
0.3215677289602761,0.29430873384574563,0.31848464697639833,0.30034929914266295,0.30630272194912767,0.28752141906320083,0.3063984081692356,0.29093772997162826,0.3001383272584053,0.28298135706556415,0.27821939613013613,0.2888679390254719,0.2778943344877413,1
0.29430873384574563,0.31848464697639833,0.30034929914266295,0.30630272194912767,0.28752141906320083,0.3063984081692356,0.29093772997162826,0.3001383272584053,0.28298135706556415,0.27821939613013613,0.2888679390254719,0.2778943344877413,0.2900696887819041,1
0.31848464697639833,0.30034929914266295,0.30630272194912767,0.28752141906320083,0.3063984081692356,0.29093772997162826,0.3001383272584053,0.28298135706556415,0.27821939613013613,0.2888679390254719,0.2778943344877413,0.2900696887819041,0.28274527707819336,1
0.30034929914266295,0.30630272194912767,0.28752141906320083,0.3063984081692356,0.29093772997162826,0.3001383272584053,0.28298135706556415,0.27821939613013613,0.2888679390254719,0.2778943344877413,0.2900696887819041,0.28274527707819336,0.2700466061646538,1
0.30630272194912767,0.28752141906320083,0.3063984081692356,0.29093772997162826,0.3001383272584053,0.28298135706556415,0.27821939613013613,0.2888679390254719,0.2778943344877413,0.2900696887819041,0.28274527707819336,0.2700466061646538,0.27120084040251713,1
0.28752141906320083,0.3063984081692356,0.29093772997162826,0.3001383272584053,0.28298135706556415,0.27821939613013613,0.2888679390254719,0.2778943344877413,0.2900696887819041,0.28274527707819336,0.2700466061646538,0.27120084040251713,0.2735131198000965,1
0.3063984081692356,0.29093772997162826,0.3001383272584053,0.28298135706556415,0.27821939613013613,0.2888679390254719,0.2778943344877413,0.2900696887819041,0.28274527707819336,0.2700466061646538,0.27120084040251713,0.2735131198000965,0.2752825123012079,1
0.29093772997162826,0.3001383272584053,0.28298135706556415,0.27821939613013613,0.2888679390254719,0.2778943344877413,0.2900696887819041,0.28274527707819336,0.2700466061646538,0.27120084040251713,0.2735131198000965,0.2752825123012079,0.29339520673394776,1
0.3001383272584053,0.28298135706556415,0.27821939613013613,0.2888679390254719,0.2778943344877413,0.2900696887819041,0.28274527707819336,0.2700466061646538,0.27120084040251713,0.2735131198000965,0.2752825123012079,0.29339520673394776,0.28882430443381646,1
0.28298135706556415,0.27821939613013613,0.2888679390254719,0.2778943344877413,0.2900696887819041,0.28274527707819336,0.2700466061646538,0.27120084040251713,0.2735131198000965,0.2752825123012079,0.29339520673394776,0.28882430443381646,0.2776440123168457,1
0.27821939613013613,0.2888679390254719,0.2778943344877413,0.2900696887819041,0.28274527707819336,0.2700466061646538,0.27120084040251713,0.2735131198000965,0.2752825123012079,0.29339520673394776,0.28882430443381646,0.2776440123168457,0.27569921780973583,1
0.2888679390254719,0.2778943344877413,0.2900696887819041,0.28274527707819336,0.2700466061646538,0.27120084040251713,0.2735131198000965,0.2752825123012079,0.29339520673394776,0.28882430443381646,0.2776440123168457,0.27569921780973583,0.2883645687377667,1
0.2778943344877413,0.2900696887819041,0.28274527707819336,0.2700466061646538,0.27120084040251713,0.2735131198000965,0.2752825123012079,0.29339520673394776,0.28882430443381646,0.2776440123168457,0.27569921780973583,0.2883645687377667,0.29115336426387456,1
0.2900696887819041,0.28274527707819336,0.2700466061646538,0.27120084040251713,0.2735131198000965,0.2752825123012079,0.29339520673394776,0.28882430443381646,0.2776440123168457,0.27569921780973583,0.2883645687377667,0.29115336426387456,0.2926865824367907,1
0.28274527707819336,0.2700466061646538,0.27120084040251713,0.2735131198000965,0.2752825123012079,0.29339520673394776,0.28882430443381646,0.2776440123168457,0.27569921780973583,0.2883645687377667,0.29115336426387456,0.2926865824367907,0.2780121348708632,1
0.2700466061646538,0.27120084040251713,0.2735131198000965,0.2752825123012079,0.29339520673394776,0.28882430443381646,0.2776440123168457,0.27569921780973583,0.2883645687377667,0.29115336426387456,0.2926865824367907,0.2780121348708632,0.2682372623219077,1
0.27120084040251713,0.2735131198000965,0.2752825123012079,0.29339520673394776,0.28882430443381646,0.2776440123168457,0.27569921780973583,0.2883645687377667,0.29115336426387456,0.2926865824367907,0.2780121348708632,0.2682372623219077,0.29096961687291034,1
0.2735131198000965,0.2752825123012079,0.29339520673394776,0.28882430443381646,0.2776440123168457,0.27569921780973583,0.2883645687377667,0.29115336426387456,0.2926865824367907,0.2780121348708632,0.2682372623219077,0.29096961687291034,0.2926284071485286,1
0.2752825123012079,0.29339520673394776,0.28882430443381646,0.2776440123168457,0.27569921780973583,0.2883645687377667,0.29115336426387456,0.2926865824367907,0.2780121348708632,0.2682372623219077,0.29096961687291034,0.2926284071485286,0.275693614196982,1
0.29339520673394776,0.28882430443381646,0.2776440123168457,0.27569921780973583,0.2883645687377667,0.29115336426387456,0.2926865824367907,0.2780121348708632,0.2682372623219077,0.29096961687291034,0.2926284071485286,0.275693614196982,0.26535132363261166,1
0.28882430443381646,0.2776440123168457,0.27569921780973583,0.2883645687377667,0.29115336426387456,0.2926865824367907,0.2780121348708632,0.2682372623219077,0.29096961687291034,0.2926284071485286,0.275693614196982,0.26535132363261166,0.28623950161822587,1
0.2776440123168457,0.27569921780973583,0.2883645687377667,0.29115336426387456,0.2926865824367907,0.2780121348708632,0.2682372623219077,0.29096961687291034,0.2926284071485286,0.275693614196982,0.26535132363261166,0.28623950161822587,0.2727388094302021,1
0.27569921780973583,0.2883645687377667,0.29115336426387456,0.2926865824367907,0.2780121348708632,0.2682372623219077,0.29096961687291034,0.2926284071485286,0.275693614196982,0.26535132363261166,0.28623950161822587,0.2727388094302021,0.27469427159230636,1
0.2883645687377667,0.29115336426387456,0.2926865824367907,0.2780121348708632,0.2682372623219077,0.29096961687291034,0.2926284071485286,0.275693614196982,0.26535132363261166,0.28623950161822587,0.2727388094302021,0.27469427159230636,0.28249067832651686,1
0.29115336426387456,0.2926865824367907,0.2780121348708632,0.2682372623219077,0.29096961687291034,0.2926284071485286,0.275693614196982,0.26535132363261166,0.28623950161822587,0.2727388094302021,0.27469427159230636,0.28249067832651686,0.26325737634921187,1
0.2926865824367907,0.2780121348708632,0.2682372623219077,0.29096961687291034,0.2926284071485286,0.275693614196982,0.26535132363261166,0.28623950161822587,0.2727388094302021,0.27469427159230636,0.28249067832651686,0.26325737634921187,0.2731992877352428,1
0.2780121348708632,0.2682372623219077,0.29096961687291034,0.2926284071485286,0.275693614196982,0.26535132363261166,0.28623950161822587,0.2727388094302021,0.27469427159230636,0.28249067832651686,0.26325737634921187,0.2731992877352428,0.27842072440850585,1
0.2682372623219077,0.29096961687291034,0.2926284071485286,0.275693614196982,0.26535132363261166,0.28623950161822587,0.2727388094302021,0.27469427159230636,0.28249067832651686,0.26325737634921187,0.2731992877352428,0.27842072440850585,0.28070639408252507,1
0.29096961687291034,0.2926284071485286,0.275693614196982,0.26535132363261166,0.28623950161822587,0.2727388094302021,0.27469427159230636,0.28249067832651686,0.26325737634921187,0.2731992877352428,0.27842072440850585,0.28070639408252507,0.273968635931255,1
0.2926284071485286,0.275693614196982,0.26535132363261166,0.28623950161822587,0.2727388094302021,0.27469427159230636,0.28249067832651686,0.26325737634921187,0.2731992877352428,0.27842072440850585,0.28070639408252507,0.273968635931255,0.2815669136353133,1
0.275693614196982,0.26535132363261166,0.28623950161822587,0.2727388094302021,0.27469427159230636,0.28249067832651686,0.26325737634921187,0.2731992877352428,0.27842072440850585,0.28070639408252507,0.273968635931255,0.2815669136353133,0.27355336247698075,1
0.26535132363261166,0.28623950161822587,0.2727388094302021,0.27469427159230636,0.28249067832651686,0.26325737634921187,0.2731992877352428,0.27842072440850585,0.28070639408252507,0.273968635931255,0.2815669136353133,0.27355336247698075,0.2605808537399225,1
0.28623950161822587,0.2727388094302021,0.27469427159230636,0.28249067832651686,0.26325737634921187,0.2731992877352428,0.27842072440850585,0.28070639408252507,0.273968635931255,0.2815669136353133,0.27355336247698075,0.2605808537399225,0.27384139954586745,1
0.2727388094302021,0.27469427159230636,0.28249067832651686,0.26325737634921187,0.2731992877352428,0.27842072440850585,0.28070639408252507,0.273968635931255,0.2815669136353133,0.27355336247698075,0.2605808537399225,0.27384139954586745,0.27326095886005763,1
0.27469427159230636,0.28249067832651686,0.26325737634921187,0.2731992877352428,0.27842072440850585,0.28070639408252507,0.273968635931255,0.2815669136353133,0.27355336247698075,0.2605808537399225,0.27384139954586745,0.27326095886005763,0.27339726220367044,1
0.28249067832651686,0.26325737634921187,0.2731992877352428,0.27842072440850585,0.28070639408252507,0.273968635931255,0.2815669136353133,0.27355336247698075,0.2605808537399225,0.27384139954586745,0.27326095886005763,0.27339726220367044,0.2813228251813943,1
0.26325737634921187,0.2731992877352428,0.27842072440850585,0.28070639408252507,0.273968635931255,0.2815669136353133,0.27355336247698075,0.2605808537399225,0.27384139954586745,0.27326095886005763,0.27339726220367044,0.2813228251813943,0.26523623413234254,1
0.2731992877352428,0.27842072440850585,0.28070639408252507,0.273968635931255,0.2815669136353133,0.27355336247698075,0.2605808537399225,0.27384139954586745,0.27326095886005763,0.27339726220367044,0.2813228251813943,0.26523623413234254,0.2729900668702848,1
0.27842072440850585,0.28070639408252507,0.273968635931255,0.2815669136353133,0.27355336247698075,0.2605808537399225,0.27384139954586745,0.27326095886005763,0.27339726220367044,0.2813228251813943,0.26523623413234254,0.2729900668702848,0.2853890692531065,1
0.28070639408252507,0.273968635931255,0.2815669136353133,0.27355336247698075,0.2605808537399225,0.27384139954586745,0.27326095886005763,0.27339726220367044,0.2813228251813943,0.26523623413234254,0.2729900668702848,0.2853890692531065,0.2752095784143108,1
0.273968635931255,0.2815669136353133,0.27355336247698075,0.2605808537399225,0.27384139954586745,0.27326095886005763,0.27339726220367044,0.2813228251813943,0.26523623413234254,0.2729900668702848,0.2853890692531065,0.2752095784143108,0.27790445093128247,1
0.2815669136353133,0.27355336247698075,0.2605808537399225,0.27384139954586745,0.27326095886005763,0.27339726220367044,0.2813228251813943,0.26523623413234254,0.2729900668702848,0.2853890692531065,0.2752095784143108,0.27790445093128247,0.26246472741872073,1
0.27355336247698075,0.2605808537399225,0.27384139954586745,0.27326095886005763,0.27339726220367044,0.2813228251813943,0.26523623413234254,0.2729900668702848,0.2853890692531065,0.2752095784143108,0.27790445093128247,0.26246472741872073,0.27537250525186147,1
0.2605808537399225,0.27384139954586745,0.27326095886005763,0.27339726220367044,0.2813228251813943,0.26523623413234254,0.2729900668702848,0.2853890692531065,0.2752095784143108,0.27790445093128247,0.26246472741872073,0.27537250525186147,0.26961876502519666,1
0.27384139954586745,0.27326095886005763,0.27339726220367044,0.2813228251813943,0.26523623413234254,0.2729900668702848,0.2853890692531065,0.2752095784143108,0.27790445093128247,0.26246472741872073,0.27537250525186147,0.26961876502519666,0.2809825450623872,1
0.27326095886005763,0.27339726220367044,0.2813228251813943,0.26523623413234254,0.2729900668702848,0.2853890692531065,0.2752095784143108,0.27790445093128247,0.26246472741872073,0.27537250525186147,0.26961876502519666,0.2809825450623872,0.2799707678447365,1
0.27339726220367044,0.2813228251813943,0.26523623413234254,0.2729900668702848,0.2853890692531065,0.2752095784143108,0.27790445093128247,0.26246472741872073,0.27537250525186147,0.26961876502519666,0.2809825450623872,0.2799707678447365,0.2893488499815195,1
0.2813228251813943,0.26523623413234254,0.2729900668702848,0.2853890692531065,0.2752095784143108,0.27790445093128247,0.26246472741872073,0.27537250525186147,0.26961876502519666,0.2809825450623872,0.2799707678447365,0.2893488499815195,0.2726239695715118,1
0.26523623413234254,0.2729900668702848,0.2853890692531065,0.2752095784143108,0.27790445093128247,0.26246472741872073,0.27537250525186147,0.26961876502519666,0.2809825450623872,0.2799707678447365,0.2893488499815195,0.2726239695715118,0.27485859628012094,1
0.2729900668702848,0.2853890692531065,0.2752095784143108,0.27790445093128247,0.26246472741872073,0.27537250525186147,0.26961876502519666,0.2809825450623872,0.2799707678447365,0.2893488499815195,0.2726239695715118,0.27485859628012094,0.2749281240040089,1
0.2853890692531065,0.2752095784143108,0.27790445093128247,0.26246472741872073,0.27537250525186147,0.26961876502519666,0.2809825450623872,0.2799707678447365,0.2893488499815195,0.2726239695715118,0.27485859628012094,0.2749281240040089,0.29590871888509496,1
0.2752095784143108,0.27790445093128247,0.26246472741872073,0.27537250525186147,0.26961876502519666,0.2809825450623872,0.2799707678447365,0.2893488499815195,0.2726239695715118,0.27485859628012094,0.2749281240040089,0.29590871888509496,0.27974820037530773,1
0.27790445093128247,0.26246472741872073,0.27537250525186147,0.26961876502519666,0.2809825450623872,0.2799707678447365,0.2893488499815195,0.2726239695715118,0.27485859628012094,0.2749281240040089,0.29590871888509496,0.27974820037530773,0.29065721639281306,1
0.26246472741872073,0.27537250525186147,0.26961876502519666,0.2809825450623872,0.2799707678447365,0.2893488499815195,0.2726239695715118,0.27485859628012094,0.2749281240040089,0.29590871888509496,0.27974820037530773,0.29065721639281306,0.2904324499545988,1
0.27537250525186147,0.26961876502519666,0.2809825450623872,0.2799707678447365,0.2893488499815195,0.2726239695715118,0.27485859628012094,0.2749281240040089,0.29590871888509496,0.27974820037530773,0.29065721639281306,0.2904324499545988,0.2654552620784859,1
0.26961876502519666,0.2809825450623872,0.2799707678447365,0.2893488499815195,0.2726239695715118,0.27485859628012094,0.2749281240040089,0.29590871888509496,0.27974820037530773,0.29065721639281306,0.2904324499545988,0.2654552620784859,0.19897017185075638,1
0.2809825450623872,0.2799707678447365,0.2893488499815195,0.2726239695715118,0.27485859628012094,0.2749281240040089,0.29590871888509496,0.27974820037530773,0.29065721639281306,0.2904324499545988,0.2654552620784859,0.19897017185075638,0.13559565265211798,1
0.2799707678447365,0.2893488499815195,0.2726239695715118,0.27485859628012094,0.2749281240040089,0.29590871888509496,0.27974820037530773,0.29065721639281306,0.2904324499545988,0.2654552620784859,0.19897017185075638,0.13559565265211798,0.17831465646688222,0
0.2893488499815195,0.2726239695715118,0.27485859628012094,0.2749281240040089,0.29590871888509496,0.27974820037530773,0.29065721639281306,0.2904324499545988,0.2654552620784859,0.19897017185075638,0.13559565265211798,0.17831465646688222,0.1975765390727479,0
0.2726239695715118,0.27485859628012094,0.2749281240040089,0.29590871888509496,0.27974820037530773,0.29065721639281306,0.2904324499545988,0.2654552620784859,0.19897017185075638,0.13559565265211798,0.17831465646688222,0.1975765390727479,0.27739011843088734,0
0.27485859628012094,0.2749281240040089,0.29590871888509496,0.27974820037530773,0.29065721639281306,0.2904324499545988,0.2654552620784859,0.19897017185075638,0.13559565265211798,0.17831465646688222,0.1975765390727479,0.27739011843088734,0.26332536142794616,0
0.2749281240040089,0.29590871888509496,0.27974820037530773,0.29065721639281306,0.2904324499545988,0.2654552620784859,0.19897017185075638,0.13559565265211798,0.17831465646688222,0.1975765390727479,0.27739011843088734,0.26332536142794616,0.28468963801524655,0
0.29590871888509496,0.27974820037530773,0.29065721639281306,0.2904324499545988,0.2654552620784859,0.19897017185075638,0.13559565265211798,0.17831465646688222,0.1975765390727479,0.27739011843088734,0.26332536142794616,0.28468963801524655,0.28502592172905894,0
0.27974820037530773,0.29065721639281306,0.2904324499545988,0.2654552620784859,0.19897017185075638,0.13559565265211798,0.17831465646688222,0.1975765390727479,0.27739011843088734,0.26332536142794616,0.28468963801524655,0.28502592172905894,0.27220400926791866,0
0.29065721639281306,0.2904324499545988,0.2654552620784859,0.19897017185075638,0.13559565265211798,0.17831465646688222,0.1975765390727479,0.27739011843088734,0.26332536142794616,0.28468963801524655,0.28502592172905894,0.27220400926791866,0.26675706746538,0
0.2904324499545988,0.2654552620784859,0.19897017185075638,0.13559565265211798,0.17831465646688222,0.1975765390727479,0.27739011843088734,0.26332536142794616,0.28468963801524655,0.28502592172905894,0.27220400926791866,0.26675706746538,0.28473319518727414,0
0.2654552620784859,0.19897017185075638,0.13559565265211798,0.17831465646688222,0.1975765390727479,0.27739011843088734,0.26332536142794616,0.28468963801524655,0.28502592172905894,0.27220400926791866,0.26675706746538,0.28473319518727414,0.276547312720386,0
0.19897017185075638,0.13559565265211798,0.17831465646688222,0.1975765390727479,0.27739011843088734,0.26332536142794616,0.28468963801524655,0.28502592172905894,0.27220400926791866,0.26675706746538,0.28473319518727414,0.276547312720386,0.26869024438660727,0
0.13559565265211798,0.17831465646688222,0.1975765390727479,0.27739011843088734,0.26332536142794616,0.28468963801524655,0.28502592172905894,0.27220400926791866,0.26675706746538,0.28473319518727414,0.276547312720386,0.26869024438660727,0.2826065039275023,1
0.17831465646688222,0.1975765390727479,0.27739011843088734,0.26332536142794616,0.28468963801524655,0.28502592172905894,0.27220400926791866,0.26675706746538,0.28473319518727414,0.276547312720386,0.26869024438660727,0.2826065039275023,0.28175721184991964,1
0.1975765390727479,0.27739011843088734,0.26332536142794616,0.28468963801524655,0.28502592172905894,0.27220400926791866,0.26675706746538,0.28473319518727414,0.276547312720386,0.26869024438660727,0.2826065039275023,0.28175721184991964,0.27130707763926776,1
0.27739011843088734,0.26332536142794616,0.28468963801524655,0.28502592172905894,0.27220400926791866,0.26675706746538,0.28473319518727414,0.276547312720386,0.26869024438660727,0.2826065039275023,0.28175721184991964,0.27130707763926776,0.2662681181131187,1
0.26332536142794616,0.28468963801524655,0.28502592172905894,0.27220400926791866,0.26675706746538,0.28473319518727414,0.276547312720386,0.26869024438660727,0.2826065039275023,0.28175721184991964,0.27130707763926776,0.2662681181131187,0.2757218277510747,1
0.28468963801524655,0.28502592172905894,0.27220400926791866,0.26675706746538,0.28473319518727414,0.276547312720386,0.26869024438660727,0.2826065039275023,0.28175721184991964,0.27130707763926776,0.2662681181131187,0.2757218277510747,0.26552518970887107,1
0.28502592172905894,0.27220400926791866,0.26675706746538,0.28473319518727414,0.276547312720386,0.26869024438660727,0.2826065039275023,0.28175721184991964,0.27130707763926776,0.2662681181131187,0.2757218277510747,0.26552518970887107,0.2920398374521279,1
0.27220400926791866,0.26675706746538,0.28473319518727414,0.276547312720386,0.26869024438660727,0.2826065039275023,0.28175721184991964,0.27130707763926776,0.2662681181131187,0.2757218277510747,0.26552518970887107,0.2920398374521279,0.2637638281025326,1
0.26675706746538,0.28473319518727414,0.276547312720386,0.26869024438660727,0.2826065039275023,0.28175721184991964,0.27130707763926776,0.2662681181131187,0.2757218277510747,0.26552518970887107,0.2920398374521279,0.2637638281025326,0.29652586490413146,1
0.28473319518727414,0.276547312720386,0.26869024438660727,0.2826065039275023,0.28175721184991964,0.27130707763926776,0.2662681181131187,0.2757218277510747,0.26552518970887107,0.2920398374521279,0.2637638281025326,0.29652586490413146,0.28221238355997724,1
0.276547312720386,0.26869024438660727,0.2826065039275023,0.28175721184991964,0.27130707763926776,0.2662681181131187,0.2757218277510747,0.26552518970887107,0.2920398374521279,0.2637638281025326,0.29652586490413146,0.28221238355997724,0.26872094679573033,1
0.26869024438660727,0.2826065039275023,0.28175721184991964,0.27130707763926776,0.2662681181131187,0.2757218277510747,0.26552518970887107,0.2920398374521279,0.2637638281025326,0.29652586490413146,0.28221238355997724,0.26872094679573033,0.2806659269084277,1
0.2826065039275023,0.28175721184991964,0.27130707763926776,0.2662681181131187,0.2757218277510747,0.26552518970887107,0.2920398374521279,0.2637638281025326,0.29652586490413146,0.28221238355997724,0.26872094679573033,0.2806659269084277,0.2810351152460967,1
0.28175721184991964,0.27130707763926776,0.2662681181131187,0.2757218277510747,0.26552518970887107,0.2920398374521279,0.2637638281025326,0.29652586490413146,0.28221238355997724,0.26872094679573033,0.2806659269084277,0.2810351152460967,0.27616665966026144,1
0.27130707763926776,0.2662681181131187,0.2757218277510747,0.26552518970887107,0.2920398374521279,0.2637638281025326,0.29652586490413146,0.28221238355997724,0.26872094679573033,0.2806659269084277,0.2810351152460967,0.27616665966026144,0.286043285200697,1
0.2662681181131187,0.2757218277510747,0.26552518970887107,0.2920398374521279,0.2637638281025326,0.29652586490413146,0.28221238355997724,0.26872094679573033,0.2806659269084277,0.2810351152460967,0.27616665966026144,0.286043285200697,0.28732137494452614,1
0.2757218277510747,0.26552518970887107,0.2920398374521279,0.2637638281025326,0.29652586490413146,0.28221238355997724,0.26872094679573033,0.2806659269084277,0.2810351152460967,0.27616665966026144,0.286043285200697,0.28732137494452614,0.2948262011178835,1
0.26552518970887107,0.2920398374521279,0.2637638281025326,0.29652586490413146,0.28221238355997724,0.26872094679573033,0.2806659269084277,0.2810351152460967,0.27616665966026144,0.286043285200697,0.28732137494452614,0.2948262011178835,0.3068261949560843,1
0.2920398374521279,0.2637638281025326,0.29652586490413146,0.28221238355997724,0.26872094679573033,0.2806659269084277,0.2810351152460967,0.27616665966026144,0.286043285200697,0.28732137494452614,0.2948262011178835,0.3068261949560843,0.21620980030871026,1
0.2637638281025326,0.29652586490413146,0.28221238355997724,0.26872094679573033,0.2806659269084277,0.2810351152460967,0.27616665966026144,0.286043285200697,0.28732137494452614,0.2948262011178835,0.3068261949560843,0.21620980030871026,0.1336125607819174,1
0.29652586490413146,0.28221238355997724,0.26872094679573033,0.2806659269084277,0.2810351152460967,0.27616665966026144,0.286043285200697,0.28732137494452614,0.2948262011178835,0.3068261949560843,0.21620980030871026,0.1336125607819174,0.10877449875225628,1
0.28221238355997724,0.26872094679573033,0.2806659269084277,0.2810351152460967,0.27616665966026144,0.286043285200697,0.28732137494452614,0.2948262011178835,0.3068261949560843,0.21620980030871026,0.1336125607819174,0.10877449875225628,0.1598553340317015,0
0.26872094679573033,0.2806659269084277,0.2810351152460967,0.27616665966026144,0.286043285200697,0.28732137494452614,0.2948262011178835,0.3068261949560843,0.21620980030871026,0.1336125607819174,0.10877449875225628,0.1598553340317015,0.2070483334883696,0
0.2806659269084277,0.2810351152460967,0.27616665966026144,0.286043285200697,0.28732137494452614,0.2948262011178835,0.3068261949560843,0.21620980030871026,0.1336125607819174,0.10877449875225628,0.1598553340317015,0.2070483334883696,0.2080681174146691,0
0.2810351152460967,0.27616665966026144,0.286043285200697,0.28732137494452614,0.2948262011178835,0.3068261949560843,0.21620980030871026,0.1336125607819174,0.10877449875225628,0.1598553340317015,0.2070483334883696,0.2080681174146691,0.24234415762264663,0
0.27616665966026144,0.286043285200697,0.28732137494452614,0.2948262011178835,0.3068261949560843,0.21620980030871026,0.1336125607819174,0.10877449875225628,0.1598553340317015,0.2070483334883696,0.2080681174146691,0.24234415762264663,0.24832196069663132,0
0.286043285200697,0.28732137494452614,0.2948262011178835,0.3068261949560843,0.21620980030871026,0.1336125607819174,0.10877449875225628,0.1598553340317015,0.2070483334883696,0.2080681174146691,0.24234415762264663,0.24832196069663132,0.2500841864237614,0
0.28732137494452614,0.2948262011178835,0.3068261949560843,0.21620980030871026,0.1336125607819174,0.10877449875225628,0.1598553340317015,0.2070483334883696,0.2080681174146691,0.24234415762264663,0.24832196069663132,0.2500841864237614,0.26643671114265216,0
0.2948262011178835,0.3068261949560843,0.21620980030871026,0.1336125607819174,0.10877449875225628,0.1598553340317015,0.2070483334883696,0.2080681174146691,0.24234415762264663,0.24832196069663132,0.2500841864237614,0.26643671114265216,0.25556490573871204,0
0.3068261949560843,0.21620980030871026,0.1336125607819174,0.10877449875225628,0.1598553340317015,0.2070483334883696,0.2080681174146691,0.24234415762264663,0.24832196069663132,0.2500841864237614,0.26643671114265216,0.25556490573871204,0.2892072658193331,0
0.21620980030871026,0.1336125607819174,0.10877449875225628,0.1598553340317015,0.2070483334883696,0.2080681174146691,0.24234415762264663,0.24832196069663132,0.2500841864237614,0.26643671114265216,0.25556490573871204,0.2892072658193331,0.2793249689062448,0
0.1336125607819174,0.10877449875225628,0.1598553340317015,0.2070483334883696,0.2080681174146691,0.24234415762264663,0.24832196069663132,0.2500841864237614,0.26643671114265216,0.25556490573871204,0.2892072658193331,0.2793249689062448,0.25459372353564097,0
0.10877449875225628,0.1598553340317015,0.2070483334883696,0.2080681174146691,0.24234415762264663,0.24832196069663132,0.2500841864237614,0.26643671114265216,0.25556490573871204,0.2892072658193331,0.2793249689062448,0.25459372353564097,0.2570647376083641,1
0.1598553340317015,0.2070483334883696,0.2080681174146691,0.24234415762264663,0.24832196069663132,0.2500841864237614,0.26643671114265216,0.25556490573871204,0.2892072658193331,0.2793249689062448,0.25459372353564097,0.2570647376083641,0.2570755603871591,1
0.2070483334883696,0.2080681174146691,0.24234415762264663,0.24832196069663132,0.2500841864237614,0.26643671114265216,0.25556490573871204,0.2892072658193331,0.2793249689062448,0.25459372353564097,0.2570647376083641,0.2570755603871591,0.25744310703972195,1
0.2080681174146691,0.24234415762264663,0.24832196069663132,0.2500841864237614,0.26643671114265216,0.25556490573871204,0.2892072658193331,0.2793249689062448,0.25459372353564097,0.2570647376083641,0.2570755603871591,0.25744310703972195,0.23943014958125225,1
0.24234415762264663,0.24832196069663132,0.2500841864237614,0.26643671114265216,0.25556490573871204,0.2892072658193331,0.2793249689062448,0.25459372353564097,0.2570647376083641,0.2570755603871591,0.25744310703972195,0.23943014958125225,0.26036877342277565,1
0.24832196069663132,0.2500841864237614,0.26643671114265216,0.25556490573871204,0.2892072658193331,0.2793249689062448,0.25459372353564097,0.2570647376083641,0.2570755603871591,0.25744310703972195,0.23943014958125225,0.26036877342277565,0.26230287005833275,1
0.2500841864237614,0.26643671114265216,0.25556490573871204,0.2892072658193331,0.2793249689062448,0.25459372353564097,0.2570647376083641,0.2570755603871591,0.25744310703972195,0.23943014958125225,0.26036877342277565,0.26230287005833275,0.24164357105669976,1
0.26643671114265216,0.25556490573871204,0.2892072658193331,0.2793249689062448,0.25459372353564097,0.2570647376083641,0.2570755603871591,0.25744310703972195,0.23943014958125225,0.26036877342277565,0.26230287005833275,0.24164357105669976,0.2501584901067184,1
0.25556490573871204,0.2892072658193331,0.2793249689062448,0.25459372353564097,0.2570647376083641,0.2570755603871591,0.25744310703972195,0.23943014958125225,0.26036877342277565,0.26230287005833275,0.24164357105669976,0.2501584901067184,0.27041047053857875,1
0.2892072658193331,0.2793249689062448,0.25459372353564097,0.2570647376083641,0.2570755603871591,0.25744310703972195,0.23943014958125225,0.26036877342277565,0.26230287005833275,0.24164357105669976,0.2501584901067184,0.27041047053857875,0.2978807497390351,1
0.2793249689062448,0.25459372353564097,0.2570647376083641,0.2570755603871591,0.25744310703972195,0.23943014958125225,0.26036877342277565,0.26230287005833275,0.24164357105669976,0.2501584901067184,0.27041047053857875,0.2978807497390351,0.2548331083831159,1
0.25459372353564097,0.2570647376083641,0.2570755603871591,0.25744310703972195,0.23943014958125225,0.26036877342277565,0.26230287005833275,0.24164357105669976,0.2501584901067184,0.27041047053857875,0.2978807497390351,0.2548331083831159,0.2687359104860926,1
0.2570647376083641,0.2570755603871591,0.25744310703972195,0.23943014958125225,0.26036877342277565,0.26230287005833275,0.24164357105669976,0.2501584901067184,0.27041047053857875,0.2978807497390351,0.2548331083831159,0.2687359104860926,0.26290938839024725,1
0.2570755603871591,0.25744310703972195,0.23943014958125225,0.26036877342277565,0.26230287005833275,0.24164357105669976,0.2501584901067184,0.27041047053857875,0.2978807497390351,0.2548331083831159,0.2687359104860926,0.26290938839024725,0.25275405449855887,1
0.25744310703972195,0.23943014958125225,0.26036877342277565,0.26230287005833275,0.24164357105669976,0.2501584901067184,0.27041047053857875,0.2978807497390351,0.2548331083831159,0.2687359104860926,0.26290938839024725,0.25275405449855887,0.2806977125826227,1
0.23943014958125225,0.26036877342277565,0.26230287005833275,0.24164357105669976,0.2501584901067184,0.27041047053857875,0.2978807497390351,0.2548331083831159,0.2687359104860926,0.26290938839024725,0.25275405449855887,0.2806977125826227,0.2814607094123467,1
0.26036877342277565,0.26230287005833275,0.24164357105669976,0.2501584901067184,0.27041047053857875,0.2978807497390351,0.2548331083831159,0.2687359104860926,0.26290938839024725,0.25275405449855887,0.2806977125826227,0.2814607094123467,0.2776092702659016,1
0.26230287005833275,0.24164357105669976,0.2501584901067184,0.27041047053857875,0.2978807497390351,0.2548331083831159,0.2687359104860926,0.26290938839024725,0.25275405449855887,0.2806977125826227,0.2814607094123467,0.2776092702659016,0.28218152849151007,1
0.24164357105669976,0.2501584901067184,0.27041047053857875,0.2978807497390351,0.2548331083831159,0.2687359104860926,0.26290938839024725,0.25275405449855887,0.2806977125826227,0.2814607094123467,0.2776092702659016,0.28218152849151007,0.2744998109632672,1
0.2501584901067184,0.27041047053857875,0.2978807497390351,0.2548331083831159,0.2687359104860926,0.26290938839024725,0.25275405449855887,0.2806977125826227,0.2814607094123467,0.2776092702659016,0.28218152849151007,0.2744998109632672,0.269755845372342,1
0.27041047053857875,0.2978807497390351,0.2548331083831159,0.2687359104860926,0.26290938839024725,0.25275405449855887,0.2806977125826227,0.2814607094123467,0.2776092702659016,0.28218152849151007,0.2744998109632672,0.269755845372342,0.2733388364468856,1
0.2978807497390351,0.2548331083831159,0.2687359104860926,0.26290938839024725,0.25275405449855887,0.2806977125826227,0.2814607094123467,0.2776092702659016,0.28218152849151007,0.2744998109632672,0.269755845372342,0.2733388364468856,0.2698921438661821,1
0.2548331083831159,0.2687359104860926,0.26290938839024725,0.25275405449855887,0.2806977125826227,0.2814607094123467,0.2776092702659016,0.28218152849151007,0.2744998109632672,0.269755845372342,0.2733388364468856,0.2698921438661821,0.29433057135309226,1
0.2687359104860926,0.26290938839024725,0.25275405449855887,0.2806977125826227,0.2814607094123467,0.2776092702659016,0.28218152849151007,0.2744998109632672,0.269755845372342,0.2733388364468856,0.2698921438661821,0.29433057135309226,0.29277855694680943,1
0.26290938839024725,0.25275405449855887,0.2806977125826227,0.2814607094123467,0.2776092702659016,0.28218152849151007,0.2744998109632672,0.269755845372342,0.2733388364468856,0.2698921438661821,0.29433057135309226,0.29277855694680943,0.2828017506388413,1
0.25275405449855887,0.2806977125826227,0.2814607094123467,0.2776092702659016,0.28218152849151007,0.2744998109632672,0.269755845372342,0.2733388364468856,0.2698921438661821,0.29433057135309226,0.29277855694680943,0.2828017506388413,0.282895239921076,1
0.2806977125826227,0.2814607094123467,0.2776092702659016,0.28218152849151007,0.2744998109632672,0.269755845372342,0.2733388364468856,0.2698921438661821,0.29433057135309226,0.29277855694680943,0.2828017506388413,0.282895239921076,0.29125408681857456,1
0.2814607094123467,0.2776092702659016,0.28218152849151007,0.2744998109632672,0.269755845372342,0.2733388364468856,0.2698921438661821,0.29433057135309226,0.29277855694680943,0.2828017506388413,0.282895239921076,0.29125408681857456,0.255670274423099,1
0.2776092702659016,0.28218152849151007,0.2744998109632672,0.269755845372342,0.2733388364468856,0.2698921438661821,0.29433057135309226,0.29277855694680943,0.2828017506388413,0.282895239921076,0.29125408681857456,0.255670274423099,0.1467560676153497,1
0.28218152849151007,0.2744998109632672,0.269755845372342,0.2733388364468856,0.2698921438661821,0.29433057135309226,0.29277855694680943,0.2828017506388413,0.282895239921076,0.29125408681857456,0.255670274423099,0.1467560676153497,0.0932034483423356,1
0.2744998109632672,0.269755845372342,0.2733388364468856,0.2698921438661821,0.29433057135309226,0.29277855694680943,0.2828017506388413,0.282895239921076,0.29125408681857456,0.255670274423099,0.1467560676153497,0.0932034483423356,0.06974365809614314,1
0.269755845372342,0.2733388364468856,0.2698921438661821,0.29433057135309226,0.29277855694680943,0.2828017506388413,0.282895239921076,0.29125408681857456,0.255670274423099,0.1467560676153497,0.0932034483423356,0.06974365809614314,0.12411058648617326,0
0.2733388364468856,0.2698921438661821,0.29433057135309226,0.29277855694680943,0.2828017506388413,0.282895239921076,0.29125408681857456,0.255670274423099,0.1467560676153497,0.0932034483423356,0.06974365809614314,0.12411058648617326,0.17418638522904012,0
0.2698921438661821,0.29433057135309226,0.29277855694680943,0.2828017506388413,0.282895239921076,0.29125408681857456,0.255670274423099,0.1467560676153497,0.0932034483423356,0.06974365809614314,0.12411058648617326,0.17418638522904012,0.21018096816035436,0
0.29433057135309226,0.29277855694680943,0.2828017506388413,0.282895239921076,0.29125408681857456,0.255670274423099,0.1467560676153497,0.0932034483423356,0.06974365809614314,0.12411058648617326,0.17418638522904012,0.21018096816035436,0.22068468240121425,0
0.29277855694680943,0.2828017506388413,0.282895239921076,0.29125408681857456,0.255670274423099,0.1467560676153497,0.0932034483423356,0.06974365809614314,0.12411058648617326,0.17418638522904012,0.21018096816035436,0.22068468240121425,0.23492454062959303,0
0.2828017506388413,0.282895239921076,0.29125408681857456,0.255670274423099,0.1467560676153497,0.0932034483423356,0.06974365809614314,0.12411058648617326,0.17418638522904012,0.21018096816035436,0.22068468240121425,0.23492454062959303,0.2319064492121263,0
0.282895239921076,0.29125408681857456,0.255670274423099,0.1467560676153497,0.0932034483423356,0.06974365809614314,0.12411058648617326,0.17418638522904012,0.21018096816035436,0.22068468240121425,0.23492454062959303,0.2319064492121263,0.22215400529331542,0
0.29125408681857456,0.255670274423099,0.1467560676153497,0.0932034483423356,0.06974365809614314,0.12411058648617326,0.17418638522904012,0.21018096816035436,0.22068468240121425,0.23492454062959303,0.2319064492121263,0.22215400529331542,0.2575570646509825,0
0.255670274423099,0.1467560676153497,0.0932034483423356,0.06974365809614314,0.12411058648617326,0.17418638522904012,0.21018096816035436,0.22068468240121425,0.23492454062959303,0.2319064492121263,0.22215400529331542,0.2575570646509825,0.24756740125533877,0
0.1467560676153497,0.0932034483423356,0.06974365809614314,0.12411058648617326,0.17418638522904012,0.21018096816035436,0.22068468240121425,0.23492454062959303,0.2319064492121263,0.22215400529331542,0.2575570646509825,0.24756740125533877,0.24266582205333082,0
0.0932034483423356,0.06974365809614314,0.12411058648617326,0.17418638522904012,0.21018096816035436,0.22068468240121425,0.23492454062959303,0.2319064492121263,0.22215400529331542,0.2575570646509825,0.24756740125533877,0.24266582205333082,0.2679573614840145,1
0.06974365809614314,0.12411058648617326,0.17418638522904012,0.21018096816035436,0.22068468240121425,0.23492454062959303,0.2319064492121263,0.22215400529331542,0.2575570646509825,0.24756740125533877,0.24266582205333082,0.2679573614840145,0.24516706557925036,1
0.12411058648617326,0.17418638522904012,0.21018096816035436,0.22068468240121425,0.23492454062959303,0.2319064492121263,0.22215400529331542,0.2575570646509825,0.24756740125533877,0.24266582205333082,0.2679573614840145,0.24516706557925036,0.2551371703132177,1
0.17418638522904012,0.21018096816035436,0.22068468240121425,0.23492454062959303,0.2319064492121263,0.22215400529331542,0.2575570646509825,0.24756740125533877,0.24266582205333082,0.2679573614840145,0.24516706557925036,0.2551371703132177,0.2760794951715272,1
0.21018096816035436,0.22068468240121425,0.23492454062959303,0.2319064492121263,0.22215400529331542,0.2575570646509825,0.24756740125533877,0.24266582205333082,0.2679573614840145,0.24516706557925036,0.2551371703132177,0.2760794951715272,0.27039125138912345,1
0.22068468240121425,0.23492454062959303,0.2319064492121263,0.22215400529331542,0.2575570646509825,0.24756740125533877,0.24266582205333082,0.2679573614840145,0.24516706557925036,0.2551371703132177,0.2760794951715272,0.27039125138912345,0.2837950212337061,1
0.23492454062959303,0.2319064492121263,0.22215400529331542,0.2575570646509825,0.24756740125533877,0.24266582205333082,0.2679573614840145,0.24516706557925036,0.2551371703132177,0.2760794951715272,0.27039125138912345,0.2837950212337061,0.2801819597824692,1
0.2319064492121263,0.22215400529331542,0.2575570646509825,0.24756740125533877,0.24266582205333082,0.2679573614840145,0.24516706557925036,0.2551371703132177,0.2760794951715272,0.27039125138912345,0.2837950212337061,0.2801819597824692,0.278706632929822,1
0.22215400529331542,0.2575570646509825,0.24756740125533877,0.24266582205333082,0.2679573614840145,0.24516706557925036,0.2551371703132177,0.2760794951715272,0.27039125138912345,0.2837950212337061,0.2801819597824692,0.278706632929822,0.26527327811199025,1
0.2575570646509825,0.24756740125533877,0.24266582205333082,0.2679573614840145,0.24516706557925036,0.2551371703132177,0.2760794951715272,0.27039125138912345,0.2837950212337061,0.2801819597824692,0.278706632929822,0.26527327811199025,0.2910517326225902,1
0.24756740125533877,0.24266582205333082,0.2679573614840145,0.24516706557925036,0.2551371703132177,0.2760794951715272,0.27039125138912345,0.2837950212337061,0.2801819597824692,0.278706632929822,0.26527327811199025,0.2910517326225902,0.2831006703286313,1
0.24266582205333082,0.2679573614840145,0.24516706557925036,0.2551371703132177,0.2760794951715272,0.27039125138912345,0.2837950212337061,0.2801819597824692,0.278706632929822,0.26527327811199025,0.2910517326225902,0.2831006703286313,0.27485320541443636,1
0.2679573614840145,0.24516706557925036,0.2551371703132177,0.2760794951715272,0.27039125138912345,0.2837950212337061,0.2801819597824692,0.278706632929822,0.26527327811199025,0.2910517326225902,0.2831006703286313,0.27485320541443636,0.27721963280349643,1
0.24516706557925036,0.2551371703132177,0.2760794951715272,0.27039125138912345,0.2837950212337061,0.2801819597824692,0.278706632929822,0.26527327811199025,0.2910517326225902,0.2831006703286313,0.27485320541443636,0.27721963280349643,0.2782932991433386,1
0.2551371703132177,0.2760794951715272,0.27039125138912345,0.2837950212337061,0.2801819597824692,0.278706632929822,0.26527327811199025,0.2910517326225902,0.2831006703286313,0.27485320541443636,0.27721963280349643,0.2782932991433386,0.2805265041919106,1
0.2760794951715272,0.27039125138912345,0.2837950212337061,0.2801819597824692,0.278706632929822,0.26527327811199025,0.2910517326225902,0.2831006703286313,0.27485320541443636,0.27721963280349643,0.2782932991433386,0.2805265041919106,0.2684150209520269,1
0.27039125138912345,0.2837950212337061,0.2801819597824692,0.278706632929822,0.26527327811199025,0.2910517326225902,0.2831006703286313,0.27485320541443636,0.27721963280349643,0.2782932991433386,0.2805265041919106,0.2684150209520269,0.2802266830556539,1
0.2837950212337061,0.2801819597824692,0.278706632929822,0.26527327811199025,0.2910517326225902,0.2831006703286313,0.27485320541443636,0.27721963280349643,0.2782932991433386,0.2805265041919106,0.2684150209520269,0.2802266830556539,0.2784247328792008,1
0.2801819597824692,0.278706632929822,0.26527327811199025,0.2910517326225902,0.2831006703286313,0.27485320541443636,0.27721963280349643,0.2782932991433386,0.2805265041919106,0.2684150209520269,0.2802266830556539,0.2784247328792008,0.28319291121026835,1
0.278706632929822,0.26527327811199025,0.2910517326225902,0.2831006703286313,0.27485320541443636,0.27721963280349643,0.2782932991433386,0.2805265041919106,0.2684150209520269,0.2802266830556539,0.2784247328792008,0.28319291121026835,0.2554491992558361,1
0.26527327811199025,0.2910517326225902,0.2831006703286313,0.27485320541443636,0.27721963280349643,0.2782932991433386,0.2805265041919106,0.2684150209520269,0.2802266830556539,0.2784247328792008,0.28319291121026835,0.2554491992558361,0.26552623217582494,1
0.2910517326225902,0.2831006703286313,0.27485320541443636,0.27721963280349643,0.2782932991433386,0.2805265041919106,0.2684150209520269,0.2802266830556539,0.2784247328792008,0.28319291121026835,0.2554491992558361,0.26552623217582494,0.27326398130426877,1
0.2831006703286313,0.27485320541443636,0.27721963280349643,0.2782932991433386,0.2805265041919106,0.2684150209520269,0.2802266830556539,0.2784247328792008,0.28319291121026835,0.2554491992558361,0.26552623217582494,0.27326398130426877,0.2748599223038012,1
0.27485320541443636,0.27721963280349643,0.2782932991433386,0.2805265041919106,0.2684150209520269,0.2802266830556539,0.2784247328792008,0.28319291121026835,0.2554491992558361,0.26552623217582494,0.27326398130426877,0.2748599223038012,0.2661058989410019,1
0.27721963280349643,0.2782932991433386,0.2805265041919106,0.2684150209520269,0.2802266830556539,0.2784247328792008,0.28319291121026835,0.2554491992558361,0.26552623217582494,0.27326398130426877,0.2748599223038012,0.2661058989410019,0.2715236260892999,1
0.2782932991433386,0.2805265041919106,0.2684150209520269,0.2802266830556539,0.2784247328792008,0.28319291121026835,0.2554491992558361,0.26552623217582494,0.27326398130426877,0.2748599223038012,0.2661058989410019,0.2715236260892999,0.24243831775373526,1
0.2805265041919106,0.2684150209520269,0.2802266830556539,0.2784247328792008,0.28319291121026835,0.2554491992558361,0.26552623217582494,0.27326398130426877,0.2748599223038012,0.2661058989410019,0.2715236260892999,0.24243831775373526,0.0913009773124939,1
0.2684150209520269,0.2802266830556539,0.2784247328792008,0.28319291121026835,0.2554491992558361,0.26552623217582494,0.27326398130426877,0.2748599223038012,0.2661058989410019,0.2715236260892999,0.24243831775373526,0.0913009773124939,0.11164175208336898,1
0.2802266830556539,0.2784247328792008,0.28319291121026835,0.2554491992558361,0.26552623217582494,0.27326398130426877,0.2748599223038012,0.2661058989410019,0.2715236260892999,0.24243831775373526,0.0913009773124939,0.11164175208336898,0.09724674460850646,1
0.2784247328792008,0.28319291121026835,0.2554491992558361,0.26552623217582494,0.27326398130426877,0.2748599223038012,0.2661058989410019,0.2715236260892999,0.24243831775373526,0.0913009773124939,0.11164175208336898,0.09724674460850646,0.08987177542839567,1
0.28319291121026835,0.2554491992558361,0.26552623217582494,0.27326398130426877,0.2748599223038012,0.2661058989410019,0.2715236260892999,0.24243831775373526,0.0913009773124939,0.11164175208336898,0.09724674460850646,0.08987177542839567,0.11860150385736488,0
0.2554491992558361,0.26552623217582494,0.27326398130426877,0.2748599223038012,0.2661058989410019,0.2715236260892999,0.24243831775373526,0.0913009773124939,0.11164175208336898,0.09724674460850646,0.08987177542839567,0.11860150385736488,0.1775978271469127,0
0.26552623217582494,0.27326398130426877,0.2748599223038012,0.2661058989410019,0.2715236260892999,0.24243831775373526,0.0913009773124939,0.11164175208336898,0.09724674460850646,0.08987177542839567,0.11860150385736488,0.1775978271469127,0.23163815826689316,0
0.27326398130426877,0.2748599223038012,0.2661058989410019,0.2715236260892999,0.24243831775373526,0.0913009773124939,0.11164175208336898,0.09724674460850646,0.08987177542839567,0.11860150385736488,0.1775978271469127,0.23163815826689316,0.2375724803551017,0
0.2748599223038012,0.2661058989410019,0.2715236260892999,0.24243831775373526,0.0913009773124939,0.11164175208336898,0.09724674460850646,0.08987177542839567,0.11860150385736488,0.1775978271469127,0.23163815826689316,0.2375724803551017,0.2630999003099508,0
0.2661058989410019,0.2715236260892999,0.24243831775373526,0.0913009773124939,0.11164175208336898,0.09724674460850646,0.08987177542839567,0.11860150385736488,0.1775978271469127,0.23163815826689316,0.2375724803551017,0.2630999003099508,0.28027169637157784,0
0.2715236260892999,0.24243831775373526,0.0913009773124939,0.11164175208336898,0.09724674460850646,0.08987177542839567,0.11860150385736488,0.1775978271469127,0.23163815826689316,0.2375724803551017,0.2630999003099508,0.28027169637157784,0.28145897310316037,0
0.24243831775373526,0.0913009773124939,0.11164175208336898,0.09724674460850646,0.08987177542839567,0.11860150385736488,0.1775978271469127,0.23163815826689316,0.2375724803551017,0.2630999003099508,0.28027169637157784,0.28145897310316037,0.2756470569020833,0
0.0913009773124939,0.11164175208336898,0.09724674460850646,0.08987177542839567,0.11860150385736488,0.1775978271469127,0.23163815826689316,0.2375724803551017,0.2630999003099508,0.28027169637157784,0.28145897310316037,0.2756470569020833,0.2965126059172934,1
0.11164175208336898,0.09724674460850646,0.08987177542839567,0.11860150385736488,0.1775978271469127,0.23163815826689316,0.2375724803551017,0.2630999003099508,0.28027169637157784,0.28145897310316037,0.2756470569020833,0.2965126059172934,0.2838090453286223,1
0.09724674460850646,0.08987177542839567,0.11860150385736488,0.1775978271469127,0.23163815826689316,0.2375724803551017,0.2630999003099508,0.28027169637157784,0.28145897310316037,0.2756470569020833,0.2965126059172934,0.2838090453286223,0.29733726814210054,1
0.08987177542839567,0.11860150385736488,0.1775978271469127,0.23163815826689316,0.2375724803551017,0.2630999003099508,0.28027169637157784,0.28145897310316037,0.2756470569020833,0.2965126059172934,0.2838090453286223,0.29733726814210054,0.30828063114058246,1
0.11860150385736488,0.1775978271469127,0.23163815826689316,0.2375724803551017,0.2630999003099508,0.28027169637157784,0.28145897310316037,0.2756470569020833,0.2965126059172934,0.2838090453286223,0.29733726814210054,0.30828063114058246,0.3019005778712169,1
0.1775978271469127,0.23163815826689316,0.2375724803551017,0.2630999003099508,0.28027169637157784,0.28145897310316037,0.2756470569020833,0.2965126059172934,0.2838090453286223,0.29733726814210054,0.30828063114058246,0.3019005778712169,0.3215508173258662,1
0.23163815826689316,0.2375724803551017,0.2630999003099508,0.28027169637157784,0.28145897310316037,0.2756470569020833,0.2965126059172934,0.2838090453286223,0.29733726814210054,0.30828063114058246,0.3019005778712169,0.3215508173258662,0.29397844472830786,1
0.2375724803551017,0.2630999003099508,0.28027169637157784,0.28145897310316037,0.2756470569020833,0.2965126059172934,0.2838090453286223,0.29733726814210054,0.30828063114058246,0.3019005778712169,0.3215508173258662,0.29397844472830786,0.2919787924550895,1
0.2630999003099508,0.28027169637157784,0.28145897310316037,0.2756470569020833,0.2965126059172934,0.2838090453286223,0.29733726814210054,0.30828063114058246,0.3019005778712169,0.3215508173258662,0.29397844472830786,0.2919787924550895,0.29862825335873816,1
0.28027169637157784,0.28145897310316037,0.2756470569020833,0.2965126059172934,0.2838090453286223,0.29733726814210054,0.30828063114058246,0.3019005778712169,0.3215508173258662,0.29397844472830786,0.2919787924550895,0.29862825335873816,0.2876912753438201,1
0.28145897310316037,0.2756470569020833,0.2965126059172934,0.2838090453286223,0.29733726814210054,0.30828063114058246,0.3019005778712169,0.3215508173258662,0.29397844472830786,0.2919787924550895,0.29862825335873816,0.2876912753438201,0.3065531786092879,1
0.2756470569020833,0.2965126059172934,0.2838090453286223,0.29733726814210054,0.30828063114058246,0.3019005778712169,0.3215508173258662,0.29397844472830786,0.2919787924550895,0.29862825335873816,0.2876912753438201,0.3065531786092879,0.29014829246775753,1
0.2965126059172934,0.2838090453286223,0.29733726814210054,0.30828063114058246,0.3019005778712169,0.3215508173258662,0.29397844472830786,0.2919787924550895,0.29862825335873816,0.2876912753438201,0.3065531786092879,0.29014829246775753,0.31527803323454595,1
0.2838090453286223,0.29733726814210054,0.30828063114058246,0.3019005778712169,0.3215508173258662,0.29397844472830786,0.2919787924550895,0.29862825335873816,0.2876912753438201,0.3065531786092879,0.29014829246775753,0.31527803323454595,0.3085132144236405,1
0.29733726814210054,0.30828063114058246,0.3019005778712169,0.3215508173258662,0.29397844472830786,0.2919787924550895,0.29862825335873816,0.2876912753438201,0.3065531786092879,0.29014829246775753,0.31527803323454595,0.3085132144236405,0.3051399373755933,1
0.30828063114058246,0.3019005778712169,0.3215508173258662,0.29397844472830786,0.2919787924550895,0.29862825335873816,0.2876912753438201,0.3065531786092879,0.29014829246775753,0.31527803323454595,0.3085132144236405,0.3051399373755933,0.30567342726075664,1
0.3019005778712169,0.3215508173258662,0.29397844472830786,0.2919787924550895,0.29862825335873816,0.2876912753438201,0.3065531786092879,0.29014829246775753,0.31527803323454595,0.3085132144236405,0.3051399373755933,0.30567342726075664,0.30663863021362536,1
0.3215508173258662,0.29397844472830786,0.2919787924550895,0.29862825335873816,0.2876912753438201,0.3065531786092879,0.29014829246775753,0.31527803323454595,0.3085132144236405,0.3051399373755933,0.30567342726075664,0.30663863021362536,0.30852481326384795,1
0.29397844472830786,0.2919787924550895,0.29862825335873816,0.2876912753438201,0.3065531786092879,0.29014829246775753,0.31527803323454595,0.3085132144236405,0.3051399373755933,0.30567342726075664,0.30663863021362536,0.30852481326384795,0.31195341273925137,1
0.2919787924550895,0.29862825335873816,0.2876912753438201,0.3065531786092879,0.29014829246775753,0.31527803323454595,0.3085132144236405,0.3051399373755933,0.30567342726075664,0.30663863021362536,0.30852481326384795,0.31195341273925137,0.25367136659890377,1
0.29862825335873816,0.2876912753438201,0.3065531786092879,0.29014829246775753,0.31527803323454595,0.3085132144236405,0.3051399373755933,0.30567342726075664,0.30663863021362536,0.30852481326384795,0.31195341273925137,0.25367136659890377,0.12254597151824687,1
0.2876912753438201,0.3065531786092879,0.29014829246775753,0.31527803323454595,0.3085132144236405,0.3051399373755933,0.30567342726075664,0.30663863021362536,0.30852481326384795,0.31195341273925137,0.25367136659890377,0.12254597151824687,0.11056982365669868,1
0.3065531786092879,0.29014829246775753,0.31527803323454595,0.3085132144236405,0.3051399373755933,0.30567342726075664,0.30663863021362536,0.30852481326384795,0.31195341273925137,0.25367136659890377,0.12254597151824687,0.11056982365669868,0.09520892944248541,1
0.29014829246775753,0.31527803323454595,0.3085132144236405,0.3051399373755933,0.30567342726075664,0.30663863021362536,0.30852481326384795,0.31195341273925137,0.25367136659890377,0.12254597151824687,0.11056982365669868,0.09520892944248541,0.11846050075139902,0
0.31527803323454595,0.3085132144236405,0.3051399373755933,0.30567342726075664,0.30663863021362536,0.30852481326384795,0.31195341273925137,0.25367136659890377,0.12254597151824687,0.11056982365669868,0.09520892944248541,0.11846050075139902,0.19812925170068027,0
0.3085132144236405,0.3051399373755933,0.30567342726075664,0.30663863021362536,0.30852481326384795,0.31195341273925137,0.25367136659890377,0.12254597151824687,0.11056982365669868,0.09520892944248541,0.11846050075139902,0.19812925170068027,0.27356064974752736,0
0.3051399373755933,0.30567342726075664,0.30663863021362536,0.30852481326384795,0.31195341273925137,0.25367136659890377,0.12254597151824687,0.11056982365669868,0.09520892944248541,0.11846050075139902,0.19812925170068027,0.27356064974752736,0.29003683088732624,0
0.30567342726075664,0.30663863021362536,0.30852481326384795,0.31195341273925137,0.25367136659890377,0.12254597151824687,0.11056982365669868,0.09520892944248541,0.11846050075139902,0.19812925170068027,0.27356064974752736,0.29003683088732624,0.28875214828286555,0
0.30663863021362536,0.30852481326384795,0.31195341273925137,0.25367136659890377,0.12254597151824687,0.11056982365669868,0.09520892944248541,0.11846050075139902,0.19812925170068027,0.27356064974752736,0.29003683088732624,0.28875214828286555,0.32352514602804605,0
0.3271775251060852,0.3113453670328473,0.3103096369895576,0.29639650847337284,0.22387639710253432,0.19546445262638884,0.2517191981476894,0.28072621509644075,0.27284952522763456,0.29554979272782755,0.3118702432602531,0.2966146612895566,0.2938761213708312,0
0.3113453670328473,0.3103096369895576,0.29639650847337284,0.22387639710253432,0.19546445262638884,0.2517191981476894,0.28072621509644075,0.27284952522763456,0.29554979272782755,0.3118702432602531,0.2966146612895566,0.2938761213708312,0.29841733749230825,0
0.3103096369895576,0.29639650847337284,0.22387639710253432,0.19546445262638884,0.2517191981476894,0.28072621509644075,0.27284952522763456,0.29554979272782755,0.3118702432602531,0.2966146612895566,0.2938761213708312,0.29841733749230825,0.296934312304156,0
0.29639650847337284,0.22387639710253432,0.19546445262638884,0.2517191981476894,0.28072621509644075,0.27284952522763456,0.29554979272782755,0.3118702432602531,0.2966146612895566,0.2938761213708312,0.29841733749230825,0.296934312304156,0.3272588253087172,0
0.22387639710253432,0.19546445262638884,0.2517191981476894,0.28072621509644075,0.27284952522763456,0.29554979272782755,0.3118702432602531,0.2966146612895566,0.2938761213708312,0.29841733749230825,0.296934312304156,0.3272588253087172,0.31006864121587596,0
0.19546445262638884,0.2517191981476894,0.28072621509644075,0.27284952522763456,0.29554979272782755,0.3118702432602531,0.2966146612895566,0.2938761213708312,0.29841733749230825,0.296934312304156,0.3272588253087172,0.31006864121587596,0.30324920301084146,1
0.2517191981476894,0.28072621509644075,0.27284952522763456,0.29554979272782755,0.3118702432602531,0.2966146612895566,0.2938761213708312,0.29841733749230825,0.296934312304156,0.3272588253087172,0.31006864121587596,0.30324920301084146,0.2908822836683051,1
0.28072621509644075,0.27284952522763456,0.29554979272782755,0.3118702432602531,0.2966146612895566,0.2938761213708312,0.29841733749230825,0.296934312304156,0.3272588253087172,0.31006864121587596,0.30324920301084146,0.2908822836683051,0.27330042371088137,1
0.27284952522763456,0.29554979272782755,0.3118702432602531,0.2966146612895566,0.2938761213708312,0.29841733749230825,0.296934312304156,0.3272588253087172,0.31006864121587596,0.30324920301084146,0.2908822836683051,0.27330042371088137,0.25916278423321926,1
0.29554979272782755,0.3118702432602531,0.2966146612895566,0.2938761213708312,0.29841733749230825,0.296934312304156,0.3272588253087172,0.31006864121587596,0.30324920301084146,0.2908822836683051,0.27330042371088137,0.25916278423321926,0.2745894825639291,1
0.3118702432602531,0.2966146612895566,0.2938761213708312,0.29841733749230825,0.296934312304156,0.3272588253087172,0.31006864121587596,0.30324920301084146,0.2908822836683051,0.27330042371088137,0.25916278423321926,0.2745894825639291,0.17516377246658157,1
0.2966146612895566,0.2938761213708312,0.29841733749230825,0.296934312304156,0.3272588253087172,0.31006864121587596,0.30324920301084146,0.2908822836683051,0.27330042371088137,0.25916278423321926,0.2745894825639291,0.17516377246658157,0.14082446656199493,1
0.2938761213708312,0.29841733749230825,0.296934312304156,0.3272588253087172,0.31006864121587596,0.30324920301084146,0.2908822836683051,0.27330042371088137,0.25916278423321926,0.2745894825639291,0.17516377246658157,0.14082446656199493,0.10598260178368635,1
0.29841733749230825,0.296934312304156,0.3272588253087172,0.31006864121587596,0.30324920301084146,0.2908822836683051,0.27330042371088137,0.25916278423321926,0.2745894825639291,0.17516377246658157,0.14082446656199493,0.10598260178368635,0.1951923569161602,0
0.296934312304156,0.3272588253087172,0.31006864121587596,0.30324920301084146,0.2908822836683051,0.27330042371088137,0.25916278423321926,0.2745894825639291,0.17516377246658157,0.14082446656199493,0.10598260178368635,0.1951923569161602,0.2082632404112205,0
0.3272588253087172,0.31006864121587596,0.30324920301084146,0.2908822836683051,0.27330042371088137,0.25916278423321926,0.2745894825639291,0.17516377246658157,0.14082446656199493,0.10598260178368635,0.1951923569161602,0.2082632404112205,0.24141773051929666,0
0.31006864121587596,0.30324920301084146,0.2908822836683051,0.27330042371088137,0.25916278423321926,0.2745894825639291,0.17516377246658157,0.14082446656199493,0.10598260178368635,0.1951923569161602,0.2082632404112205,0.24141773051929666,0.2869784363882402,0
0.30324920301084146,0.2908822836683051,0.27330042371088137,0.25916278423321926,0.2745894825639291,0.17516377246658157,0.14082446656199493,0.10598260178368635,0.1951923569161602,0.2082632404112205,0.24141773051929666,0.2869784363882402,0.2724567833795445,0
0.2908822836683051,0.27330042371088137,0.25916278423321926,0.2745894825639291,0.17516377246658157,0.14082446656199493,0.10598260178368635,0.1951923569161602,0.2082632404112205,0.24141773051929666,0.2869784363882402,0.2724567833795445,0.2987110301921553,0
0.27330042371088137,0.25916278423321926,0.2745894825639291,0.17516377246658157,0.14082446656199493,0.10598260178368635,0.1951923569161602,0.2082632404112205,0.24141773051929666,0.2869784363882402,0.2724567833795445,0.2987110301921553,0.2699850460007304,0
0.25916278423321926,0.2745894825639291,0.17516377246658157,0.14082446656199493,0.10598260178368635,0.1951923569161602,0.2082632404112205,0.24141773051929666,0.2869784363882402,0.2724567833795445,0.2987110301921553,0.2699850460007304,0.285127286202009,0
0.2745894825639291,0.17516377246658157,0.14082446656199493,0.10598260178368635,0.1951923569161602,0.2082632404112205,0.24141773051929666,0.2869784363882402,0.2724567833795445,0.2987110301921553,0.2699850460007304,0.285127286202009,0.25793592607431154,0
0.17516377246658157,0.14082446656199493,0.10598260178368635,0.1951923569161602,0.2082632404112205,0.24141773051929666,0.2869784363882402,0.2724567833795445,0.2987110301921553,0.2699850460007304,0.285127286202009,0.25793592607431154,0.3325304303220033,0
0.14082446656199493,0.10598260178368635,0.1951923569161602,0.2082632404112205,0.24141773051929666,0.2869784363882402,0.2724567833795445,0.2987110301921553,0.2699850460007304,0.285127286202009,0.25793592607431154,0.3325304303220033,0.28477488710585086,1
0.10598260178368635,0.1951923569161602,0.2082632404112205,0.24141773051929666,0.2869784363882402,0.2724567833795445,0.2987110301921553,0.2699850460007304,0.285127286202009,0.25793592607431154,0.3325304303220033,0.28477488710585086,0.2712147920809687,1
0.1951923569161602,0.2082632404112205,0.24141773051929666,0.2869784363882402,0.2724567833795445,0.2987110301921553,0.2699850460007304,0.285127286202009,0.25793592607431154,0.3325304303220033,0.28477488710585086,0.2712147920809687,0.3116984437358227,1
0.2082632404112205,0.24141773051929666,0.2869784363882402,0.2724567833795445,0.2987110301921553,0.2699850460007304,0.285127286202009,0.25793592607431154,0.3325304303220033,0.28477488710585086,0.2712147920809687,0.3116984437358227,0.2688873863286189,1
0.24141773051929666,0.2869784363882402,0.2724567833795445,0.2987110301921553,0.2699850460007304,0.285127286202009,0.25793592607431154,0.3325304303220033,0.28477488710585086,0.2712147920809687,0.3116984437358227,0.2688873863286189,0.2862879569138278,1
0.2869784363882402,0.2724567833795445,0.2987110301921553,0.2699850460007304,0.285127286202009,0.25793592607431154,0.3325304303220033,0.28477488710585086,0.2712147920809687,0.3116984437358227,0.2688873863286189,0.2862879569138278,0.3239791979753799,1
0.2724567833795445,0.2987110301921553,0.2699850460007304,0.285127286202009,0.25793592607431154,0.3325304303220033,0.28477488710585086,0.2712147920809687,0.3116984437358227,0.2688873863286189,0.2862879569138278,0.3239791979753799,0.26867663566930844,1
0.2987110301921553,0.2699850460007304,0.285127286202009,0.25793592607431154,0.3325304303220033,0.28477488710585086,0.2712147920809687,0.3116984437358227,0.2688873863286189,0.2862879569138278,0.3239791979753799,0.26867663566930844,0.27352878146675014,1
0.2699850460007304,0.285127286202009,0.25793592607431154,0.3325304303220033,0.28477488710585086,0.2712147920809687,0.3116984437358227,0.2688873863286189,0.2862879569138278,0.3239791979753799,0.26867663566930844,0.27352878146675014,0.25847956695942476,1
0.285127286202009,0.25793592607431154,0.3325304303220033,0.28477488710585086,0.2712147920809687,0.3116984437358227,0.2688873863286189,0.2862879569138278,0.3239791979753799,0.26867663566930844,0.27352878146675014,0.25847956695942476,0.2657560362808395,1
0.25793592607431154,0.3325304303220033,0.28477488710585086,0.2712147920809687,0.3116984437358227,0.2688873863286189,0.2862879569138278,0.3239791979753799,0.26867663566930844,0.27352878146675014,0.25847956695942476,0.2657560362808395,0.2954238493027408,1
0.3325304303220033,0.28477488710585086,0.2712147920809687,0.3116984437358227,0.2688873863286189,0.2862879569138278,0.3239791979753799,0.26867663566930844,0.27352878146675014,0.25847956695942476,0.2657560362808395,0.2954238493027408,0.26012911796998317,1
0.28477488710585086,0.2712147920809687,0.3116984437358227,0.2688873863286189,0.2862879569138278,0.3239791979753799,0.26867663566930844,0.27352878146675014,0.25847956695942476,0.2657560362808395,0.2954238493027408,0.26012911796998317,0.27515575354669125,1
0.2712147920809687,0.3116984437358227,0.2688873863286189,0.2862879569138278,0.3239791979753799,0.26867663566930844,0.27352878146675014,0.25847956695942476,0.2657560362808395,0.2954238493027408,0.26012911796998317,0.27515575354669125,0.21308679309911693,1
0.3116984437358227,0.2688873863286189,0.2862879569138278,0.3239791979753799,0.26867663566930844,0.27352878146675014,0.25847956695942476,0.2657560362808395,0.2954238493027408,0.26012911796998317,0.27515575354669125,0.21308679309911693,0.18494017285926884,1
0.2688873863286189,0.2862879569138278,0.3239791979753799,0.26867663566930844,0.27352878146675014,0.25847956695942476,0.2657560362808395,0.2954238493027408,0.26012911796998317,0.27515575354669125,0.21308679309911693,0.18494017285926884,0.20017738861559295,0
0.2862879569138278,0.3239791979753799,0.26867663566930844,0.27352878146675014,0.25847956695942476,0.2657560362808395,0.2954238493027408,0.26012911796998317,0.27515575354669125,0.21308679309911693,0.18494017285926884,0.20017738861559295,0.2287126024625475,0
0.3239791979753799,0.26867663566930844,0.27352878146675014,0.25847956695942476,0.2657560362808395,0.2954238493027408,0.26012911796998317,0.27515575354669125,0.21308679309911693,0.18494017285926884,0.20017738861559295,0.2287126024625475,0.2569149596774949,0
0.26867663566930844,0.27352878146675014,0.25847956695942476,0.2657560362808395,0.2954238493027408,0.26012911796998317,0.27515575354669125,0.21308679309911693,0.18494017285926884,0.20017738861559295,0.2287126024625475,0.2569149596774949,0.2982690414600394,0
0.27352878146675014,0.25847956695942476,0.2657560362808395,0.2954238493027408,0.26012911796998317,0.27515575354669125,0.21308679309911693,0.18494017285926884,0.20017738861559295,0.2287126024625475,0.2569149596774949,0.2982690414600394,0.27827109044634124,0
0.25847956695942476,0.2657560362808395,0.2954238493027408,0.26012911796998317,0.27515575354669125,0.21308679309911693,0.18494017285926884,0.20017738861559295,0.2287126024625475,0.2569149596774949,0.2982690414600394,0.27827109044634124,0.30163364846639096,0
0.2657560362808395,0.2954238493027408,0.26012911796998317,0.27515575354669125,0.21308679309911693,0.18494017285926884,0.20017738861559295,0.2287126024625475,0.2569149596774949,0.2982690414600394,0.27827109044634124,0.30163364846639096,0.28729372379004975,0
0.2954238493027408,0.26012911796998317,0.27515575354669125,0.21308679309911693,0.18494017285926884,0.20017738861559295,0.2287126024625475,0.2569149596774949,0.2982690414600394,0.27827109044634124,0.30163364846639096,0.28729372379004975,0.2865278109630548,0
0.26012911796998317,0.27515575354669125,0.21308679309911693,0.18494017285926884,0.20017738861559295,0.2287126024625475,0.2569149596774949,0.2982690414600394,0.27827109044634124,0.30163364846639096,0.28729372379004975,0.2865278109630548,0.30027977656535587,0
0.27515575354669125,0.21308679309911693,0.18494017285926884,0.20017738861559295,0.2287126024625475,0.2569149596774949,0.2982690414600394,0.27827109044634124,0.30163364846639096,0.28729372379004975,0.2865278109630548,0.30027977656535587,0.29322288386953876,0
0.21308679309911693,0.18494017285926884,0.20017738861559295,0.2287126024625475,0.2569149596774949,0.2982690414600394,0.27827109044634124,0.30163364846639096,0.28729372379004975,0.2865278109630548,0.30027977656535587,0.29322288386953876,0.28049001875815005,0
0.18494017285926884,0.20017738861559295,0.2287126024625475,0.2569149596774949,0.2982690414600394,0.27827109044634124,0.30163364846639096,0.28729372379004975,0.2865278109630548,0.30027977656535587,0.29322288386953876,0.28049001875815005,0.30021240120990167,1
0.20017738861559295,0.2287126024625475,0.2569149596774949,0.2982690414600394,0.27827109044634124,0.30163364846639096,0.28729372379004975,0.2865278109630548,0.30027977656535587,0.29322288386953876,0.28049001875815005,0.30021240120990167,0.25304220457564586,1
0.2287126024625475,0.2569149596774949,0.2982690414600394,0.27827109044634124,0.30163364846639096,0.28729372379004975,0.2865278109630548,0.30027977656535587,0.29322288386953876,0.28049001875815005,0.30021240120990167,0.25304220457564586,0.26101398882517146,1
0.2569149596774949,0.2982690414600394,0.27827109044634124,0.30163364846639096,0.28729372379004975,0.2865278109630548,0.30027977656535587,0.29322288386953876,0.28049001875815005,0.30021240120990167,0.25304220457564586,0.26101398882517146,0.26824217570169684,1
0.2982690414600394,0.27827109044634124,0.30163364846639096,0.28729372379004975,0.2865278109630548,0.30027977656535587,0.29322288386953876,0.28049001875815005,0.30021240120990167,0.25304220457564586,0.26101398882517146,0.26824217570169684,0.2602595578119432,1
0.27827109044634124,0.30163364846639096,0.28729372379004975,0.2865278109630548,0.30027977656535587,0.29322288386953876,0.28049001875815005,0.30021240120990167,0.25304220457564586,0.26101398882517146,0.26824217570169684,0.2602595578119432,0.25239291578293177,1
0.30163364846639096,0.28729372379004975,0.2865278109630548,0.30027977656535587,0.29322288386953876,0.28049001875815005,0.30021240120990167,0.25304220457564586,0.26101398882517146,0.26824217570169684,0.2602595578119432,0.25239291578293177,0.23397493979169914,1
0.28729372379004975,0.2865278109630548,0.30027977656535587,0.29322288386953876,0.28049001875815005,0.30021240120990167,0.25304220457564586,0.26101398882517146,0.26824217570169684,0.2602595578119432,0.25239291578293177,0.23397493979169914,0.2627160662869499,1
0.2865278109630548,0.30027977656535587,0.29322288386953876,0.28049001875815005,0.30021240120990167,0.25304220457564586,0.26101398882517146,0.26824217570169684,0.2602595578119432,0.25239291578293177,0.23397493979169914,0.2627160662869499,0.23196183043739588,1
0.30027977656535587,0.29322288386953876,0.28049001875815005,0.30021240120990167,0.25304220457564586,0.26101398882517146,0.26824217570169684,0.2602595578119432,0.25239291578293177,0.23397493979169914,0.2627160662869499,0.23196183043739588,0.21569954249143536,1
0.29322288386953876,0.28049001875815005,0.30021240120990167,0.25304220457564586,0.26101398882517146,0.26824217570169684,0.2602595578119432,0.25239291578293177,0.23397493979169914,0.2627160662869499,0.23196183043739588,0.21569954249143536,0.20097306555679162,1
0.28049001875815005,0.30021240120990167,0.25304220457564586,0.26101398882517146,0.26824217570169684,0.2602595578119432,0.25239291578293177,0.23397493979169914,0.2627160662869499,0.23196183043739588,0.21569954249143536,0.20097306555679162,0.22463932318916346,1
0.30021240120990167,0.25304220457564586,0.26101398882517146,0.26824217570169684,0.2602595578119432,0.25239291578293177,0.23397493979169914,0.2627160662869499,0.23196183043739588,0.21569954249143536,0.20097306555679162,0.22463932318916346,0.22407154131116191,1
0.25304220457564586,0.26101398882517146,0.26824217570169684,0.2602595578119432,0.25239291578293177,0.23397493979169914,0.2627160662869499,0.23196183043739588,0.21569954249143536,0.20097306555679162,0.22463932318916346,0.22407154131116191,0.22405466418250064,1
0.26101398882517146,0.26824217570169684,0.2602595578119432,0.25239291578293177,0.23397493979169914,0.2627160662869499,0.23196183043739588,0.21569954249143536,0.20097306555679162,0.22463932318916346,0.22407154131116191,0.22405466418250064,0.20621690332144554,1
0.26824217570169684,0.2602595578119432,0.25239291578293177,0.23397493979169914,0.2627160662869499,0.23196183043739588,0.21569954249143536,0.20097306555679162,0.22463932318916346,0.22407154131116191,0.22405466418250064,0.20621690332144554,0.20868997380362303,1
0.2602595578119432,0.25239291578293177,0.23397493979169914,0.2627160662869499,0.23196183043739588,0.21569954249143536,0.20097306555679162,0.22463932318916346,0.22407154131116191,0.22405466418250064,0.20621690332144554,0.20868997380362303,0.19351073839600552,1
0.25239291578293177,0.23397493979169914,0.2627160662869499,0.23196183043739588,0.21569954249143536,0.20097306555679162,0.22463932318916346,0.22407154131116191,0.22405466418250064,0.20621690332144554,0.20868997380362303,0.19351073839600552,0.2091246305642157,1
0.23397493979169914,0.2627160662869499,0.23196183043739588,0.21569954249143536,0.20097306555679162,0.22463932318916346,0.22407154131116191,0.22405466418250064,0.20621690332144554,0.20868997380362303,0.19351073839600552,0.2091246305642157,0.20692377263239067,1
0.2627160662869499,0.23196183043739588,0.21569954249143536,0.20097306555679162,0.22463932318916346,0.22407154131116191,0.22405466418250064,0.20621690332144554,0.20868997380362303,0.19351073839600552,0.2091246305642157,0.20692377263239067,0.20610020402513726,1
0.23196183043739588,0.21569954249143536,0.20097306555679162,0.22463932318916346,0.22407154131116191,0.22405466418250064,0.20621690332144554,0.20868997380362303,0.19351073839600552,0.2091246305642157,0.20692377263239067,0.20610020402513726,0.21294827986694345,1
0.21569954249143536,0.20097306555679162,0.22463932318916346,0.22407154131116191,0.22405466418250064,0.20621690332144554,0.20868997380362303,0.19351073839600552,0.2091246305642157,0.20692377263239067,0.20610020402513726,0.21294827986694345,0.19034412111916826,1
0.20097306555679162,0.22463932318916346,0.22407154131116191,0.22405466418250064,0.20621690332144554,0.20868997380362303,0.19351073839600552,0.2091246305642157,0.20692377263239067,0.20610020402513726,0.21294827986694345,0.19034412111916826,0.21467142354180968,1
0.22463932318916346,0.22407154131116191,0.22405466418250064,0.20621690332144554,0.20868997380362303,0.19351073839600552,0.2091246305642157,0.20692377263239067,0.20610020402513726,0.21294827986694345,0.19034412111916826,0.21467142354180968,0.2123115127496476,1
0.22407154131116191,0.22405466418250064,0.20621690332144554,0.20868997380362303,0.19351073839600552,0.2091246305642157,0.20692377263239067,0.20610020402513726,0.21294827986694345,0.19034412111916826,0.21467142354180968,0.2123115127496476,0.20598421490318278,1
0.22405466418250064,0.20621690332144554,0.20868997380362303,0.19351073839600552,0.2091246305642157,0.20692377263239067,0.20610020402513726,0.21294827986694345,0.19034412111916826,0.21467142354180968,0.2123115127496476,0.20598421490318278,0.21364460047270425,1
0.20621690332144554,0.20868997380362303,0.19351073839600552,0.2091246305642157,0.20692377263239067,0.20610020402513726,0.21294827986694345,0.19034412111916826,0.21467142354180968,0.2123115127496476,0.20598421490318278,0.21364460047270425,0.2317693495886855,1
0.20868997380362303,0.19351073839600552,0.2091246305642157,0.20692377263239067,0.20610020402513726,0.21294827986694345,0.19034412111916826,0.21467142354180968,0.2123115127496476,0.20598421490318278,0.21364460047270425,0.2317693495886855,0.22997629785900514,1
0.19351073839600552,0.2091246305642157,0.20692377263239067,0.20610020402513726,0.21294827986694345,0.19034412111916826,0.21467142354180968,0.2123115127496476,0.20598421490318278,0.21364460047270425,0.2317693495886855,0.22997629785900514,0.22543250354280547,1
0.2091246305642157,0.20692377263239067,0.20610020402513726,0.21294827986694345,0.19034412111916826,0.21467142354180968,0.2123115127496476,0.20598421490318278,0.21364460047270425,0.2317693495886855,0.22997629785900514,0.22543250354280547,0.20585529149039344,1
0.20692377263239067,0.20610020402513726,0.21294827986694345,0.19034412111916826,0.21467142354180968,0.2123115127496476,0.20598421490318278,0.21364460047270425,0.2317693495886855,0.22997629785900514,0.22543250354280547,0.20585529149039344,0.21478488998933853,1
0.20610020402513726,0.21294827986694345,0.19034412111916826,0.21467142354180968,0.2123115127496476,0.20598421490318278,0.21364460047270425,0.2317693495886855,0.22997629785900514,0.22543250354280547,0.20585529149039344,0.21478488998933853,0.18289581776549782,1
0.21294827986694345,0.19034412111916826,0.21467142354180968,0.2123115127496476,0.20598421490318278,0.21364460047270425,0.2317693495886855,0.22997629785900514,0.22543250354280547,0.20585529149039344,0.21478488998933853,0.18289581776549782,0.15127428885571992,1
0.19034412111916826,0.21467142354180968,0.2123115127496476,0.20598421490318278,0.21364460047270425,0.2317693495886855,0.22997629785900514,0.22543250354280547,0.20585529149039344,0.21478488998933853,0.18289581776549782,0.15127428885571992,0.1396475929506379,0
0.21467142354180968,0.2123115127496476,0.20598421490318278,0.21364460047270425,0.2317693495886855,0.22997629785900514,0.22543250354280547,0.20585529149039344,0.21478488998933853,0.18289581776549782,0.15127428885571992,0.1396475929506379,0.17631539962042986,0
0.2123115127496476,0.20598421490318278,0.21364460047270425,0.2317693495886855,0.22997629785900514,0.22543250354280547,0.20585529149039344,0.21478488998933853,0.18289581776549782,0.15127428885571992,0.1396475929506379,0.17631539962042986,0.19840523192931,0
0.20598421490318278,0.21364460047270425,0.2317693495886855,0.22997629785900514,0.22543250354280547,0.20585529149039344,0.21478488998933853,0.18289581776549782,0.15127428885571992,0.1396475929506379,0.17631539962042986,0.19840523192931,0.21561939161997135,0
0.21364460047270425,0.2317693495886855,0.22997629785900514,0.22543250354280547,0.20585529149039344,0.21478488998933853,0.18289581776549782,0.15127428885571992,0.1396475929506379,0.17631539962042986,0.19840523192931,0.21561939161997135,0.2144463531914222,0
0.2317693495886855,0.22997629785900514,0.22543250354280547,0.20585529149039344,0.21478488998933853,0.18289581776549782,0.15127428885571992,0.1396475929506379,0.17631539962042986,0.19840523192931,0.21561939161997135,0.2144463531914222,0.2251116745009057,0
0.22997629785900514,0.22543250354280547,0.20585529149039344,0.21478488998933853,0.18289581776549782,0.15127428885571992,0.1396475929506379,0.17631539962042986,0.19840523192931,0.21561939161997135,0.2144463531914222,0.2251116745009057,0.24645425628838835,0
0.22543250354280547,0.20585529149039344,0.21478488998933853,0.18289581776549782,0.15127428885571992,0.1396475929506379,0.17631539962042986,0.19840523192931,0.21561939161997135,0.2144463531914222,0.2251116745009057,0.24645425628838835,0.2521166427644827,0
0.20585529149039344,0.21478488998933853,0.18289581776549782,0.15127428885571992,0.1396475929506379,0.17631539962042986,0.19840523192931,0.21561939161997135,0.2144463531914222,0.2251116745009057,0.24645425628838835,0.2521166427644827,0.24140207529898539,0
0.21478488998933853,0.18289581776549782,0.15127428885571992,0.1396475929506379,0.17631539962042986,0.19840523192931,0.21561939161997135,0.2144463531914222,0.2251116745009057,0.24645425628838835,0.2521166427644827,0.24140207529898539,0.25331260904098646,0
0.18289581776549782,0.15127428885571992,0.1396475929506379,0.17631539962042986,0.19840523192931,0.21561939161997135,0.2144463531914222,0.2251116745009057,0.24645425628838835,0.2521166427644827,0.24140207529898539,0.25331260904098646,0.2434636681954861,0
0.15127428885571992,0.1396475929506379,0.17631539962042986,0.19840523192931,0.21561939161997135,0.2144463531914222,0.2251116745009057,0.24645425628838835,0.2521166427644827,0.24140207529898539,0.25331260904098646,0.2434636681954861,0.2641804097188918,1
0.1396475929506379,0.17631539962042986,0.19840523192931,0.21561939161997135,0.2144463531914222,0.2251116745009057,0.24645425628838835,0.2521166427644827,0.24140207529898539,0.25331260904098646,0.2434636681954861,0.2641804097188918,0.2520803368238072,1
0.17631539962042986,0.19840523192931,0.21561939161997135,0.2144463531914222,0.2251116745009057,0.24645425628838835,0.2521166427644827,0.24140207529898539,0.25331260904098646,0.2434636681954861,0.2641804097188918,0.2520803368238072,0.24538606819269543,1
0.19840523192931,0.21561939161997135,0.2144463531914222,0.2251116745009057,0.24645425628838835,0.2521166427644827,0.24140207529898539,0.25331260904098646,0.2434636681954861,0.2641804097188918,0.2520803368238072,0.24538606819269543,0.24254874265436432,1
0.21561939161997135,0.2144463531914222,0.2251116745009057,0.24645425628838835,0.2521166427644827,0.24140207529898539,0.25331260904098646,0.2434636681954861,0.2641804097188918,0.2520803368238072,0.24538606819269543,0.24254874265436432,0.2575617182032261,1
0.2144463531914222,0.2251116745009057,0.24645425628838835,0.2521166427644827,0.24140207529898539,0.25331260904098646,0.2434636681954861,0.2641804097188918,0.2520803368238072,0.24538606819269543,0.24254874265436432,0.2575617182032261,0.25469924283498796,1
0.2251116745009057,0.24645425628838835,0.2521166427644827,0.24140207529898539,0.25331260904098646,0.2434636681954861,0.2641804097188918,0.2520803368238072,0.24538606819269543,0.24254874265436432,0.2575617182032261,0.25469924283498796,0.2525901872281826,1
0.24645425628838835,0.2521166427644827,0.24140207529898539,0.25331260904098646,0.2434636681954861,0.2641804097188918,0.2520803368238072,0.24538606819269543,0.24254874265436432,0.2575617182032261,0.25469924283498796,0.2525901872281826,0.2529573290274881,1
0.2521166427644827,0.24140207529898539,0.25331260904098646,0.2434636681954861,0.2641804097188918,0.2520803368238072,0.24538606819269543,0.24254874265436432,0.2575617182032261,0.25469924283498796,0.2525901872281826,0.2529573290274881,0.2661849421729896,1
0.24140207529898539,0.25331260904098646,0.2434636681954861,0.2641804097188918,0.2520803368238072,0.24538606819269543,0.24254874265436432,0.2575617182032261,0.25469924283498796,0.2525901872281826,0.2529573290274881,0.2661849421729896,0.2499689593878715,1
0.25331260904098646,0.2434636681954861,0.2641804097188918,0.2520803368238072,0.24538606819269543,0.24254874265436432,0.2575617182032261,0.25469924283498796,0.2525901872281826,0.2529573290274881,0.2661849421729896,0.2499689593878715,0.25935368861576746,1
0.2434636681954861,0.2641804097188918,0.2520803368238072,0.24538606819269543,0.24254874265436432,0.2575617182032261,0.25469924283498796,0.2525901872281826,0.2529573290274881,0.2661849421729896,0.2499689593878715,0.25935368861576746,0.24993946275620083,1
